JDBC: 3.325852378
Hibernate: 1.893349573
Mybatis: 0.328540499
